INSERT INTO ListingItem (listing_id, start_price, sellerId, auctionId, productId) VALUES
(1, 2400.00, 1, 1, 1),
(2, 800.00, 2, 2, 2),
(3, 3500.00, 3, 6, 3),
(4, 100.00, 3, 4, 4),
(5, 20.00, 3, 6, 5),
(6, 500.00, 3, 6, 6),
(7, 300.00, 5, 5, 6),
(8, 600.00, 8, 8, 6),
(9, 400.00, 9, 9, 9),
(10, 600.00, 10, 10, 6),
(11, 2500.00, 1, 11, 1),
(12, 850.00, 2, 12, 2),
(13, 3700.00, 3, 13, 3),
(14, 120.00, 4, 14, 4),
(15, 45.00, 5, 15, 5),
(16, 510.00, 6, 16, 6),
(17, 320.00, 7, 17, 7),
(18, 620.00, 8, 18, 6),
(19, 420.00, 9, 19, 9),
(20, 630.00, 10, 20, 6);
(21, 860.00, 2, 21, 2),
(22, 3700.00, 3, 22, 3),
(23, 120.00, 4, 23, 4),
(24, 40.00, 5, 24, 5),
(25, 600.00, 6, 25, 6),
(26, 350.00, 7, 26, 7),
(27, 650.00, 8, 27, 8),
(28, 450.00, 9, 28, 9);
