INSERT INTO Payment (paymentId, payment_amt, payment_date, sellerId, buyerId, listingId, bidId) VALUES
(1, 2500.00, '2024-05-02', 1, 3, 1, 2),
(2, 950.00, '2024-05-06', 2, 6, 2, 5),
(3, 860.00, '2024-01-07', 2, 4, 21, 11),
(4, 3700.00, '2024-01-22', 3, 6, 22, 12),
(5, 120.00, '2024-02-07', 4, 8, 23, 13),
(6, 40.00, '2024-02-22', 5, 10, 24, 14),
(7, 600.00, '2024-03-07', 6, 9, 25, 15),
(8, 350.00, '2024-03-22', 7, 7, 26, 16),
(9, 650.00, '2024-04-07', 8, 8, 27, 17),
(10, 450.00, '2024-04-22', 9, 6, 28, 18);